Some((
    red: 0.8666667,
    green: 0.47058824,
    blue: 0.47058824,
))