Some((
    red: 0.54901963,
    green: 0.56078434,
    blue: 0.6313726,
))