Some((
    red: 0.7960784,
    green: 0.6509804,
    blue: 0.96862745,
))