Some((
    red: 0.9607843,
    green: 0.7607843,
    blue: 0.90588236,
))
