Some((
    red: 0.5019608,
    green: 0.5411765,
    blue: 0.63529414,
))